.Random.seed <-
c(403L, 10L, 2117707424L, -1231084701L, -692271103L, 24769392L, 
487422734L, 2120332665L, -599961333L, 1440879162L, 1845414204L, 
-1582954881L, -151237163L, 1767883756L, -1556032190L, -2017457507L, 
1719494423L, -1564146050L, -866507208L, -748265189L, 1151977081L, 
1976566472L, 1655362294L, -523838671L, 502770531L, 1287045426L, 
1495089796L, 2067295943L, -1913768547L, -846192364L, -1970040902L, 
-1190409723L, -1145439265L, -646466970L, -727699984L, 202193683L, 
-1455799119L, -564209824L, -1193659138L, 533238921L, 91362235L, 
-269714038L, 1352178796L, 1393128943L, -29438427L, -399586596L, 
1002512562L, 683881389L, -404068505L, -591817586L, 891294056L, 
-368275093L, -847125751L, 923309464L, 385033414L, 1084677665L, 
-333234509L, -362912734L, -664609260L, -513584489L, 872549517L, 
-1459879516L, -113677430L, -524269579L, -1610037681L, 1461027158L, 
238210048L, -142097085L, 896362721L, 162644560L, 1507712686L, 
-707524007L, -735145365L, -2099759142L, -1436665700L, 762149535L, 
51255541L, -1316814452L, 1346710626L, 1568226365L, -269349193L, 
-605000354L, -302779240L, 915873787L, 145753497L, -2009655768L, 
1846496982L, -634557615L, -1179668989L, -2116005486L, 527568676L, 
438395367L, -604008899L, -369895244L, -2079822054L, -998194075L, 
-424047361L, 430603654L, -2008517872L, 747800499L, -1199395759L, 
-637464576L, -130498338L, 2033859369L, -39991589L, 1716319722L, 
1068047756L, 1702105807L, -1922249083L, -717820612L, -148754414L, 
-1806106867L, 1009695815L, 423743022L, 1706301320L, 587457163L, 
5657705L, -332376008L, -1921330970L, 2021439617L, -340353005L, 
-69539902L, 616677492L, -1302595977L, 1312810861L, -1836656636L, 
197448490L, 32303253L, -767150289L, -1353851338L, 1024543328L, 
1557551267L, 412335041L, -2043938896L, -662166834L, 27410489L, 
1865659979L, 331299834L, 1202587388L, 755518271L, 718291989L, 
-1372332244L, -1463995390L, -264210723L, -1950464553L, 892186814L, 
-938818824L, -1875392293L, -720618695L, -1584705912L, -1867269578L, 
930124401L, -1208743773L, 1227997682L, -1943187132L, -828749305L, 
-1564723235L, -761958188L, -170889222L, 2101798725L, -330398817L, 
498485542L, -316302928L, 1422275155L, -335938191L, 146033824L, 
225168446L, -352124087L, -1723395589L, -393579062L, -1311556820L, 
1719448367L, 1249012197L, -2125024100L, 201998578L, -1316103827L, 
1932924583L, -866543410L, 1718531624L, 1556011L, -648981431L, 
-739236520L, 507165702L, -2137899551L, 1206552435L, 1838449634L, 
-778163372L, -1837717929L, 1997282893L, 1625035236L, -1229591606L, 
1495141941L, 793957519L, 1638743446L, -1487838912L, 1215937539L, 
330595873L, 6523152L, 1048389358L, -1618330983L, 741978923L, 
1855839770L, 1888711900L, -253622049L, 1668916917L, -1679105972L, 
1300618402L, -233313283L, 1252702455L, -93872610L, -439930664L, 
-4664261L, -1277805095L, 1455385448L, 768181910L, -551002095L, 
-1485225533L, -1553764910L, -1515862940L, 1991701415L, 196320509L, 
-147834636L, -1538109478L, -1009442011L, 258609727L, -2063255098L, 
1845595728L, 1954497139L, -304466287L, 757680828L, 1664216528L, 
-2103969950L, -1068659992L, 1428174028L, -830554628L, -930551310L, 
-2079824256L, 134948340L, 923955848L, -2101612742L, -742002864L, 
-1443160980L, 873321876L, 283350098L, 2032531936L, -485135156L, 
1043314848L, 280377730L, -1857943320L, 164424428L, 1342199100L, 
803001458L, -186127248L, 108852260L, -334135240L, -633687270L, 
840107216L, -2081963204L, 646541204L, -280004734L, 1519590848L, 
-1199050180L, -686679664L, -1735319006L, 643824904L, -1265007988L, 
-1104230628L, 1498634386L, 877103488L, 1015736852L, -1153092824L, 
-1796334022L, 1119961552L, 835257708L, -1449452620L, -822572014L, 
1075927520L, 2112371660L, 1847351520L, -1986588638L, -840643288L, 
276327948L, -2104538308L, -1575246862L, 331738864L, -779652540L, 
982576728L, 448262970L, 344302064L, -254427460L, 930647316L, 
-1815259454L, -1073358752L, 965699452L, 513600464L, 677465378L, 
-1764665688L, 1455401868L, 1244675260L, -2141427918L, 1879865920L, 
-62463820L, -1184699832L, 1750306234L, 660546064L, 1538455276L, 
-1034898092L, -36834030L, 441465248L, -620357940L, -1910034848L, 
1747221442L, 244411176L, 1665268652L, 1604149052L, -627147406L, 
318566192L, 976975140L, -1843305672L, -587292966L, 174467984L, 
-195634436L, 494019476L, -257286078L, -622780160L, -1342817220L, 
-116615856L, -1516515166L, 381535560L, -2012394740L, -16897316L, 
-1834258094L, -1292916608L, 618400852L, -66853912L, -1823130374L, 
1409875792L, -74131668L, 1378033012L, 555523986L, -796591008L, 
57697676L, -1927883936L, 1664284130L, 543982504L, -1004099380L, 
-937143300L, -300580430L, 1328172528L, 1731780548L, 1603864920L, 
1379818874L, 1986152368L, 1211186620L, -1891109804L, -72689726L, 
1296844832L, 419725500L, -1908246960L, 101504994L, 1432950888L, 
-1142892468L, -1293826820L, 1288382450L, -174351104L, 1849501044L, 
-752246776L, 996254650L, 1825703376L, -154370068L, 80356756L, 
-1320476206L, -54568608L, -1290462388L, 427557152L, -1184929918L, 
800210664L, -1965872916L, -136542148L, -403927182L, -1167970704L, 
-498217948L, 2133401400L, -1379939174L, 2124681936L, -737275716L, 
-1901711724L, -820793726L, -1095081792L, -409630916L, -1829826416L, 
-1617949150L, -600118264L, 1052970252L, 1127189660L, -1459383790L, 
352039808L, -770951660L, -1510642136L, 811801914L, 1335291344L, 
626608236L, 1057916212L, 295938706L, 1576685408L, 1788522316L, 
-2026280992L, -1736574046L, 794450856L, 675133836L, 1038875836L, 
1693745522L, -1614419728L, -1284122556L, 1848075608L, 1348454970L, 
-1380544656L, -873362372L, -250477804L, 1394755010L, -1770533152L, 
-936891524L, -430935344L, 1156672674L, -1347928024L, 1071511820L, 
1603357628L, 1000291634L, -2077924928L, 1398258228L, 468307912L, 
1390230714L, 877883792L, 1712177644L, 164968020L, 1538626706L, 
1425244960L, -1897266740L, 695350752L, -26564926L, -525055960L, 
171071148L, 408051900L, -1035543054L, 291786032L, -1281170268L, 
-1902069064L, 1502533978L, 326748560L, -1157503108L, 1693051156L, 
2052661058L, 587443968L, 1918682044L, -1393585328L, -936968414L, 
-8429260L, 550288194L, 2118843223L, -471385439L, -1497146522L, 
-154217116L, 1386946709L, -54578753L, -1065515688L, 1311701878L, 
701053315L, -1705485371L, 1526300898L, 784004432L, -604498823L, 
1525344171L, 1974324508L, 1875200586L, -203755969L, -766819703L, 
-1587796322L, 1646162764L, -430173411L, -672423257L, -1597552176L, 
-1959935634L, 125938715L, 1638114685L, 1153119082L, 935413256L, 
482736817L, 1070466339L, 524039716L, -797426478L, 2025831719L, 
92477297L, 2010764726L, -1776083628L, -517039131L, 30549487L, 
-1970672344L, -2015789690L, 1244756403L, 1474041109L, -1840359566L, 
-1075383360L, 1206203433L, 990994587L, -152777364L, 1167865210L, 
1503475375L, -488383047L, -597655602L, -720220388L, 486735501L, 
1086922487L, 1360810496L, 1888410718L, -687792341L, 930147373L, 
1738382490L, 861753432L, 1360984001L, -2143823757L, -761671276L, 
1880072226L, -475470025L, -82286079L, -783011066L, 1735991108L, 
1191817845L, 76014559L, 1635272504L, -860782314L, -1287258845L, 
636825317L, -747399422L, -1925366416L, 1443274009L, 1811666187L, 
1817351676L, -867209686L, -2010778017L, 794133993L, -2082818306L, 
1131603692L, 1369544253L, 326616583L, -712177168L, -2129651314L, 
426160059L, 845887901L, 1932621642L, 1032866664L, 1413238097L, 
-576299453L, 1107608388L, -886546446L, 1827741127L, 172385169L, 
852712214L, -953127052L, 50105861L, -1794460081L, -1911713208L, 
-955382810L, 349613331L, 860299893L, 80711762L, 2119361184L, 
-653291639L, -611660869L, -1855255540L, -145180262L, -1391585009L, 
2040686425L, 202410478L, -2035936132L, 879358189L, 1022932887L, 
-819933088L, 2080838206L, -1554975989L, 509716877L, -1119726918L, 
-970049288L, 1466680993L, 2082856531L, -995597964L, -293021950L, 
-1295892585L, 1181299041L, 14104998L, -941032540L, -97212843L, 
-764041473L, -102405224L, -1419899722L, -1708005053L, 852017285L, 
319723810L, 1321036304L, 677114297L, -1919139221L, 1452973404L, 
1436740746L, 1852318847L, 1946340809L, 1341638238L, -1726208756L, 
